  // 8421
            // 0000

           
            // PIN 1234
            //  PAN     43219876543210987  

         //PIN    //0000 0100 0001 0010 0011 0100 1111 1111 1111 1111 1111 1111 1111 1111 1111 1111
         //PAN    //0000 0000 0000 0000 1001 1000 0111 0110 0101 0100 0011 0010 0001 0000 1001 1000
        //XOR     //0000 0100 0001 0010 1010 1100 1000 1001 1010 1011 1100  1101 1110  1111 0110 0111                                                                                      
        //Hex   // 0    4    1    2    A    C     8   9     A    B    C     D    E     F    6    7
           
            // result 0 4 1 2 A C 8 9 A B C  D E  F  6 7




            //result   //0000 0100 0001 0010 1010 1100 1000 1001 1010 1011 1100  1101 1110  1111 0110 0111
            //PAN      //0000 0000 0000 0000 1001 1000 0111 0110 0101 0100 0011  0010  0001 0000 1001 1000
            //PIN      //0000 0100 0001 0010 0011 0100 1111 1111 1111 1111 1111  1111  1111 1111 1111 1111

            //PIN 1234
            
            
            https://www.eftlab.co.uk/index.php/site-map/knowledge-base/261-complete-list-of-pin-blocks-in-payments
http://www.andyorrock.com/paymentsystems/2007/04/dynamic_key_exc.html
